original_peptide,mutation_peptide,mutation_position_AAtype,mutation_AA_number,sequence similarity,HLA,HLA_sequence,y_pred,y_prob
VWKKAEAFI,VWKKAEAFI,,1,1.0,HLA-A*68:01,YYAMYRNNVAQTDVDTLYIMYRDYTWAVWAYTWY,0,0.0
VWKKAEAFI,VWKKAEAFK,9|I/K,1,0.8888888888888888,HLA-A*68:01,YYAMYRNNVAQTDVDTLYIMYRDYTWAVWAYTWY,0,0.002
VWKKAEAFI,VWKKAEAFR,9|I/R,1,0.8888888888888888,HLA-A*68:01,YYAMYRNNVAQTDVDTLYIMYRDYTWAVWAYTWY,0,0.0003
VWKKAEAFI,SWKKAEAFI,1|V/S,1,0.8888888888888888,HLA-A*68:01,YYAMYRNNVAQTDVDTLYIMYRDYTWAVWAYTWY,0,0.0
VWKKAEAFI,EWKKAEAFI,1|V/E,1,0.8888888888888888,HLA-A*68:01,YYAMYRNNVAQTDVDTLYIMYRDYTWAVWAYTWY,0,0.0
VWKKAEAFI,DWKKAEAFI,1|V/D,1,0.8888888888888888,HLA-A*68:01,YYAMYRNNVAQTDVDTLYIMYRDYTWAVWAYTWY,0,0.0
VWKKAEAFI,SVKKAEAFI,"1|V/S,2|W/V",2,0.8888888888888888,HLA-A*68:01,YYAMYRNNVAQTDVDTLYIMYRDYTWAVWAYTWY,0,0.0
VWKKAEAFI,SWKKAEAFR,"1|V/S,9|I/R",2,0.7777777777777778,HLA-A*68:01,YYAMYRNNVAQTDVDTLYIMYRDYTWAVWAYTWY,0,0.002
VWKKAEAFI,STKKAEAFI,"1|V/S,2|W/T",2,0.7777777777777778,HLA-A*68:01,YYAMYRNNVAQTDVDTLYIMYRDYTWAVWAYTWY,0,0.0
VWKKAEAFI,DVKKAEAFI,"1|V/D,2|W/V",2,0.8888888888888888,HLA-A*68:01,YYAMYRNNVAQTDVDTLYIMYRDYTWAVWAYTWY,0,0.0011
VWKKAEAFI,DWKKAEAFR,"1|V/D,9|I/R",2,0.7777777777777778,HLA-A*68:01,YYAMYRNNVAQTDVDTLYIMYRDYTWAVWAYTWY,0,0.013
VWKKAEAFI,DAKKAEAFI,"1|V/D,2|W/A",2,0.7777777777777778,HLA-A*68:01,YYAMYRNNVAQTDVDTLYIMYRDYTWAVWAYTWY,0,0.0
VWKKAEAFI,SWKKAEAFK,"1|V/S,9|I/K",2,0.7777777777777778,HLA-A*68:01,YYAMYRNNVAQTDVDTLYIMYRDYTWAVWAYTWY,0,0.077
VWKKAEAFI,SAKKAEAFI,"1|V/S,2|W/A",2,0.7777777777777778,HLA-A*68:01,YYAMYRNNVAQTDVDTLYIMYRDYTWAVWAYTWY,0,0.0
VWKKAEAFI,DTKKAEAFI,"1|V/D,2|W/T",2,0.7777777777777778,HLA-A*68:01,YYAMYRNNVAQTDVDTLYIMYRDYTWAVWAYTWY,0,0.0039
VWKKAEAFI,EWKKAEAFK,"1|V/E,9|I/K",2,0.7777777777777778,HLA-A*68:01,YYAMYRNNVAQTDVDTLYIMYRDYTWAVWAYTWY,0,0.2789
VWKKAEAFI,EWKKAEAFR,"1|V/E,9|I/R",2,0.7777777777777778,HLA-A*68:01,YYAMYRNNVAQTDVDTLYIMYRDYTWAVWAYTWY,0,0.0028
VWKKAEAFI,DWKKAEAFK,"1|V/D,9|I/K",2,0.7777777777777778,HLA-A*68:01,YYAMYRNNVAQTDVDTLYIMYRDYTWAVWAYTWY,0,0.2499
VWKKAEAFI,EAKKAEAFI,"1|V/E,2|W/A",2,0.7777777777777778,HLA-A*68:01,YYAMYRNNVAQTDVDTLYIMYRDYTWAVWAYTWY,0,0.0002
VWKKAEAFI,ETKKAEAFI,"1|V/E,2|W/T",2,0.7777777777777778,HLA-A*68:01,YYAMYRNNVAQTDVDTLYIMYRDYTWAVWAYTWY,0,0.0075
VWKKAEAFI,EVKKAEAFI,"1|V/E,2|W/V",2,0.8888888888888888,HLA-A*68:01,YYAMYRNNVAQTDVDTLYIMYRDYTWAVWAYTWY,0,0.0049
VWKKAEAFI,SAAKAEAFI,"1|V/S,2|W/A,3|K/A",3,0.6666666666666666,HLA-A*68:01,YYAMYRNNVAQTDVDTLYIMYRDYTWAVWAYTWY,0,0.0
VWKKAEAFI,EAKKAEAFK,"1|V/E,2|W/A,9|I/K",3,0.6666666666666666,HLA-A*68:01,YYAMYRNNVAQTDVDTLYIMYRDYTWAVWAYTWY,1,0.9949
VWKKAEAFI,STSKAEAFI,"1|V/S,2|W/T,3|K/S",3,0.6666666666666666,HLA-A*68:01,YYAMYRNNVAQTDVDTLYIMYRDYTWAVWAYTWY,0,0.0
VWKKAEAFI,DTIKAEAFI,"1|V/D,2|W/T,3|K/I",3,0.6666666666666666,HLA-A*68:01,YYAMYRNNVAQTDVDTLYIMYRDYTWAVWAYTWY,0,0.0325
VWKKAEAFI,SAIKAEAFI,"1|V/S,2|W/A,3|K/I",3,0.6666666666666666,HLA-A*68:01,YYAMYRNNVAQTDVDTLYIMYRDYTWAVWAYTWY,0,0.0
VWKKAEAFI,EASKAEAFI,"1|V/E,2|W/A,3|K/S",3,0.6666666666666666,HLA-A*68:01,YYAMYRNNVAQTDVDTLYIMYRDYTWAVWAYTWY,0,0.0006
VWKKAEAFI,DTKKAEAFR,"1|V/D,2|W/T,9|I/R",3,0.6666666666666666,HLA-A*68:01,YYAMYRNNVAQTDVDTLYIMYRDYTWAVWAYTWY,1,1.0
VWKKAEAFI,DAIKAEAFI,"1|V/D,2|W/A,3|K/I",3,0.6666666666666666,HLA-A*68:01,YYAMYRNNVAQTDVDTLYIMYRDYTWAVWAYTWY,0,0.0001
VWKKAEAFI,DASKAEAFI,"1|V/D,2|W/A,3|K/S",3,0.6666666666666666,HLA-A*68:01,YYAMYRNNVAQTDVDTLYIMYRDYTWAVWAYTWY,0,0.0001
VWKKAEAFI,ETKKAEAFR,"1|V/E,2|W/T,9|I/R",3,0.6666666666666666,HLA-A*68:01,YYAMYRNNVAQTDVDTLYIMYRDYTWAVWAYTWY,1,1.0
VWKKAEAFI,EVKKAEAFK,"1|V/E,2|W/V,9|I/K",3,0.7777777777777778,HLA-A*68:01,YYAMYRNNVAQTDVDTLYIMYRDYTWAVWAYTWY,1,1.0
VWKKAEAFI,EVIKAEAFI,"1|V/E,2|W/V,3|K/I",3,0.7777777777777778,HLA-A*68:01,YYAMYRNNVAQTDVDTLYIMYRDYTWAVWAYTWY,0,0.0758
VWKKAEAFI,EAAKAEAFI,"1|V/E,2|W/A,3|K/A",3,0.6666666666666666,HLA-A*68:01,YYAMYRNNVAQTDVDTLYIMYRDYTWAVWAYTWY,0,0.0035
VWKKAEAFI,EAIKAEAFI,"1|V/E,2|W/A,3|K/I",3,0.6666666666666666,HLA-A*68:01,YYAMYRNNVAQTDVDTLYIMYRDYTWAVWAYTWY,0,0.0017
VWKKAEAFI,STKKAEAFR,"1|V/S,2|W/T,9|I/R",3,0.6666666666666666,HLA-A*68:01,YYAMYRNNVAQTDVDTLYIMYRDYTWAVWAYTWY,1,1.0
VWKKAEAFI,EVSKAEAFI,"1|V/E,2|W/V,3|K/S",3,0.7777777777777778,HLA-A*68:01,YYAMYRNNVAQTDVDTLYIMYRDYTWAVWAYTWY,0,0.0341
VWKKAEAFI,DVKKAEAFK,"1|V/D,2|W/V,9|I/K",3,0.7777777777777778,HLA-A*68:01,YYAMYRNNVAQTDVDTLYIMYRDYTWAVWAYTWY,1,1.0
VWKKAEAFI,SVKKAEAFK,"1|V/S,2|W/V,9|I/K",3,0.7777777777777778,HLA-A*68:01,YYAMYRNNVAQTDVDTLYIMYRDYTWAVWAYTWY,1,0.9999
VWKKAEAFI,SASKAEAFI,"1|V/S,2|W/A,3|K/S",3,0.6666666666666666,HLA-A*68:01,YYAMYRNNVAQTDVDTLYIMYRDYTWAVWAYTWY,0,0.0
VWKKAEAFI,SVAKAEAFI,"1|V/S,2|W/V,3|K/A",3,0.7777777777777778,HLA-A*68:01,YYAMYRNNVAQTDVDTLYIMYRDYTWAVWAYTWY,0,0.0
VWKKAEAFI,DVKKAEAFR,"1|V/D,2|W/V,9|I/R",3,0.7777777777777778,HLA-A*68:01,YYAMYRNNVAQTDVDTLYIMYRDYTWAVWAYTWY,1,1.0
VWKKAEAFI,EVKKAEAFR,"1|V/E,2|W/V,9|I/R",3,0.7777777777777778,HLA-A*68:01,YYAMYRNNVAQTDVDTLYIMYRDYTWAVWAYTWY,1,1.0
VWKKAEAFI,DAKKAEAFR,"1|V/D,2|W/A,9|I/R",3,0.6666666666666666,HLA-A*68:01,YYAMYRNNVAQTDVDTLYIMYRDYTWAVWAYTWY,1,1.0
VWKKAEAFI,ETKKAEAFK,"1|V/E,2|W/T,9|I/K",3,0.6666666666666666,HLA-A*68:01,YYAMYRNNVAQTDVDTLYIMYRDYTWAVWAYTWY,1,1.0
VWKKAEAFI,ETAKAEAFI,"1|V/E,2|W/T,3|K/A",3,0.6666666666666666,HLA-A*68:01,YYAMYRNNVAQTDVDTLYIMYRDYTWAVWAYTWY,0,0.0939
VWKKAEAFI,DAAKAEAFI,"1|V/D,2|W/A,3|K/A",3,0.6666666666666666,HLA-A*68:01,YYAMYRNNVAQTDVDTLYIMYRDYTWAVWAYTWY,0,0.0004
VWKKAEAFI,STIKAEAFI,"1|V/S,2|W/T,3|K/I",3,0.6666666666666666,HLA-A*68:01,YYAMYRNNVAQTDVDTLYIMYRDYTWAVWAYTWY,0,0.0001
VWKKAEAFI,EVAKAEAFI,"1|V/E,2|W/V,3|K/A",3,0.7777777777777778,HLA-A*68:01,YYAMYRNNVAQTDVDTLYIMYRDYTWAVWAYTWY,0,0.0366
VWKKAEAFI,ETIKAEAFI,"1|V/E,2|W/T,3|K/I",3,0.6666666666666666,HLA-A*68:01,YYAMYRNNVAQTDVDTLYIMYRDYTWAVWAYTWY,0,0.3042
VWKKAEAFI,DVAKAEAFI,"1|V/D,2|W/V,3|K/A",3,0.7777777777777778,HLA-A*68:01,YYAMYRNNVAQTDVDTLYIMYRDYTWAVWAYTWY,0,0.0023
VWKKAEAFI,EAKKAEAFR,"1|V/E,2|W/A,9|I/R",3,0.6666666666666666,HLA-A*68:01,YYAMYRNNVAQTDVDTLYIMYRDYTWAVWAYTWY,1,0.9998
VWKKAEAFI,SAKKAEAFK,"1|V/S,2|W/A,9|I/K",3,0.6666666666666666,HLA-A*68:01,YYAMYRNNVAQTDVDTLYIMYRDYTWAVWAYTWY,1,0.9605
VWKKAEAFI,STAKAEAFI,"1|V/S,2|W/T,3|K/A",3,0.6666666666666666,HLA-A*68:01,YYAMYRNNVAQTDVDTLYIMYRDYTWAVWAYTWY,0,0.0
VWKKAEAFI,DAKKAEAFK,"1|V/D,2|W/A,9|I/K",3,0.6666666666666666,HLA-A*68:01,YYAMYRNNVAQTDVDTLYIMYRDYTWAVWAYTWY,1,0.9999
VWKKAEAFI,SVIKAEAFI,"1|V/S,2|W/V,3|K/I",3,0.7777777777777778,HLA-A*68:01,YYAMYRNNVAQTDVDTLYIMYRDYTWAVWAYTWY,0,0.0001
VWKKAEAFI,SVSKAEAFI,"1|V/S,2|W/V,3|K/S",3,0.7777777777777778,HLA-A*68:01,YYAMYRNNVAQTDVDTLYIMYRDYTWAVWAYTWY,0,0.0
VWKKAEAFI,ETSKAEAFI,"1|V/E,2|W/T,3|K/S",3,0.6666666666666666,HLA-A*68:01,YYAMYRNNVAQTDVDTLYIMYRDYTWAVWAYTWY,0,0.0673
VWKKAEAFI,DTKKAEAFK,"1|V/D,2|W/T,9|I/K",3,0.6666666666666666,HLA-A*68:01,YYAMYRNNVAQTDVDTLYIMYRDYTWAVWAYTWY,1,1.0
VWKKAEAFI,STKKAEAFK,"1|V/S,2|W/T,9|I/K",3,0.6666666666666666,HLA-A*68:01,YYAMYRNNVAQTDVDTLYIMYRDYTWAVWAYTWY,1,1.0
VWKKAEAFI,DVIKAEAFI,"1|V/D,2|W/V,3|K/I",3,0.7777777777777778,HLA-A*68:01,YYAMYRNNVAQTDVDTLYIMYRDYTWAVWAYTWY,0,0.0065
VWKKAEAFI,DTAKAEAFI,"1|V/D,2|W/T,3|K/A",3,0.6666666666666666,HLA-A*68:01,YYAMYRNNVAQTDVDTLYIMYRDYTWAVWAYTWY,0,0.0103
VWKKAEAFI,SVKKAEAFR,"1|V/S,2|W/V,9|I/R",3,0.7777777777777778,HLA-A*68:01,YYAMYRNNVAQTDVDTLYIMYRDYTWAVWAYTWY,1,1.0
VWKKAEAFI,DVSKAEAFI,"1|V/D,2|W/V,3|K/S",3,0.7777777777777778,HLA-A*68:01,YYAMYRNNVAQTDVDTLYIMYRDYTWAVWAYTWY,0,0.0017
VWKKAEAFI,DTSKAEAFI,"1|V/D,2|W/T,3|K/S",3,0.6666666666666666,HLA-A*68:01,YYAMYRNNVAQTDVDTLYIMYRDYTWAVWAYTWY,0,0.0109
VWKKAEAFI,SAKKAEAFR,"1|V/S,2|W/A,9|I/R",3,0.6666666666666666,HLA-A*68:01,YYAMYRNNVAQTDVDTLYIMYRDYTWAVWAYTWY,1,0.999
VWKKAEAFI,SAIKAEAFR,"1|V/S,2|W/A,3|K/I,9|I/R",4,0.5555555555555556,HLA-A*68:01,YYAMYRNNVAQTDVDTLYIMYRDYTWAVWAYTWY,1,0.9994
VWKKAEAFI,DVKKAEVFK,"1|V/D,2|W/V,7|A/V,9|I/K",4,0.6666666666666666,HLA-A*68:01,YYAMYRNNVAQTDVDTLYIMYRDYTWAVWAYTWY,1,1.0
VWKKAEAFI,SAKKAEIFR,"1|V/S,2|W/A,7|A/I,9|I/R",4,0.5555555555555556,HLA-A*68:01,YYAMYRNNVAQTDVDTLYIMYRDYTWAVWAYTWY,1,1.0
VWKKAEAFI,DTSKAEAFK,"1|V/D,2|W/T,3|K/S,9|I/K",4,0.5555555555555556,HLA-A*68:01,YYAMYRNNVAQTDVDTLYIMYRDYTWAVWAYTWY,1,1.0
VWKKAEAFI,DVAKAEAQI,"1|V/D,2|W/V,3|K/A,8|F/Q",4,0.6666666666666666,HLA-A*68:01,YYAMYRNNVAQTDVDTLYIMYRDYTWAVWAYTWY,0,0.0001
VWKKAEAFI,DVKKAEVFR,"1|V/D,2|W/V,7|A/V,9|I/R",4,0.6666666666666666,HLA-A*68:01,YYAMYRNNVAQTDVDTLYIMYRDYTWAVWAYTWY,1,1.0
VWKKAEAFI,DVSKAEAQI,"1|V/D,2|W/V,3|K/S,8|F/Q",4,0.6666666666666666,HLA-A*68:01,YYAMYRNNVAQTDVDTLYIMYRDYTWAVWAYTWY,0,0.0001
VWKKAEAFI,SVAKAEAQI,"1|V/S,2|W/V,3|K/A,8|F/Q",4,0.6666666666666666,HLA-A*68:01,YYAMYRNNVAQTDVDTLYIMYRDYTWAVWAYTWY,0,0.0
VWKKAEAFI,SAIKAEALI,"1|V/S,2|W/A,3|K/I,8|F/L",4,0.5555555555555556,HLA-A*68:01,YYAMYRNNVAQTDVDTLYIMYRDYTWAVWAYTWY,0,0.0
VWKKAEAFI,DVSKAEAFR,"1|V/D,2|W/V,3|K/S,9|I/R",4,0.6666666666666666,HLA-A*68:01,YYAMYRNNVAQTDVDTLYIMYRDYTWAVWAYTWY,1,1.0
VWKKAEAFI,ETKKAEIFK,"1|V/E,2|W/T,7|A/I,9|I/K",4,0.5555555555555556,HLA-A*68:01,YYAMYRNNVAQTDVDTLYIMYRDYTWAVWAYTWY,1,1.0
VWKKAEAFI,DVAKAEALI,"1|V/D,2|W/V,3|K/A,8|F/L",4,0.6666666666666666,HLA-A*68:01,YYAMYRNNVAQTDVDTLYIMYRDYTWAVWAYTWY,0,0.0001
VWKKAEAFI,ETIKAEALI,"1|V/E,2|W/T,3|K/I,8|F/L",4,0.5555555555555556,HLA-A*68:01,YYAMYRNNVAQTDVDTLYIMYRDYTWAVWAYTWY,0,0.0002
VWKKAEAFI,DTAKAEAQI,"1|V/D,2|W/T,3|K/A,8|F/Q",4,0.5555555555555556,HLA-A*68:01,YYAMYRNNVAQTDVDTLYIMYRDYTWAVWAYTWY,0,0.0104
VWKKAEAFI,EVSKAEAFK,"1|V/E,2|W/V,3|K/S,9|I/K",4,0.6666666666666666,HLA-A*68:01,YYAMYRNNVAQTDVDTLYIMYRDYTWAVWAYTWY,1,1.0
VWKKAEAFI,EVKKAEVFK,"1|V/E,2|W/V,7|A/V,9|I/K",4,0.6666666666666666,HLA-A*68:01,YYAMYRNNVAQTDVDTLYIMYRDYTWAVWAYTWY,1,1.0
VWKKAEAFI,DVSKAEALI,"1|V/D,2|W/V,3|K/S,8|F/L",4,0.6666666666666666,HLA-A*68:01,YYAMYRNNVAQTDVDTLYIMYRDYTWAVWAYTWY,0,0.0001
VWKKAEAFI,DVIKAEAFR,"1|V/D,2|W/V,3|K/I,9|I/R",4,0.6666666666666666,HLA-A*68:01,YYAMYRNNVAQTDVDTLYIMYRDYTWAVWAYTWY,1,1.0
VWKKAEAFI,DAIKAEAFK,"1|V/D,2|W/A,3|K/I,9|I/K",4,0.5555555555555556,HLA-A*68:01,YYAMYRNNVAQTDVDTLYIMYRDYTWAVWAYTWY,1,1.0
VWKKAEAFI,SASKAEAFR,"1|V/S,2|W/A,3|K/S,9|I/R",4,0.5555555555555556,HLA-A*68:01,YYAMYRNNVAQTDVDTLYIMYRDYTWAVWAYTWY,1,0.9996
VWKKAEAFI,SAAKAEAKI,"1|V/S,2|W/A,3|K/A,8|F/K",4,0.5555555555555556,HLA-A*68:01,YYAMYRNNVAQTDVDTLYIMYRDYTWAVWAYTWY,0,0.0
VWKKAEAFI,EAIKAEAKI,"1|V/E,2|W/A,3|K/I,8|F/K",4,0.5555555555555556,HLA-A*68:01,YYAMYRNNVAQTDVDTLYIMYRDYTWAVWAYTWY,0,0.0
VWKKAEAFI,DTAKAEAKI,"1|V/D,2|W/T,3|K/A,8|F/K",4,0.5555555555555556,HLA-A*68:01,YYAMYRNNVAQTDVDTLYIMYRDYTWAVWAYTWY,0,0.0005
VWKKAEAFI,EAAKAEAFK,"1|V/E,2|W/A,3|K/A,9|I/K",4,0.5555555555555556,HLA-A*68:01,YYAMYRNNVAQTDVDTLYIMYRDYTWAVWAYTWY,1,1.0
VWKKAEAFI,ETSKAEAFK,"1|V/E,2|W/T,3|K/S,9|I/K",4,0.5555555555555556,HLA-A*68:01,YYAMYRNNVAQTDVDTLYIMYRDYTWAVWAYTWY,1,1.0
VWKKAEAFI,DAAKAEALI,"1|V/D,2|W/A,3|K/A,8|F/L",4,0.5555555555555556,HLA-A*68:01,YYAMYRNNVAQTDVDTLYIMYRDYTWAVWAYTWY,0,0.0
VWKKAEAFI,STSKAEALI,"1|V/S,2|W/T,3|K/S,8|F/L",4,0.5555555555555556,HLA-A*68:01,YYAMYRNNVAQTDVDTLYIMYRDYTWAVWAYTWY,0,0.0
VWKKAEAFI,EVSKAEALI,"1|V/E,2|W/V,3|K/S,8|F/L",4,0.6666666666666666,HLA-A*68:01,YYAMYRNNVAQTDVDTLYIMYRDYTWAVWAYTWY,0,0.0001
VWKKAEAFI,EVAKAEAQI,"1|V/E,2|W/V,3|K/A,8|F/Q",4,0.6666666666666666,HLA-A*68:01,YYAMYRNNVAQTDVDTLYIMYRDYTWAVWAYTWY,0,0.0
VWKKAEAFI,SASKAEALI,"1|V/S,2|W/A,3|K/S,8|F/L",4,0.5555555555555556,HLA-A*68:01,YYAMYRNNVAQTDVDTLYIMYRDYTWAVWAYTWY,0,0.0
VWKKAEAFI,EAKKAEIFK,"1|V/E,2|W/A,7|A/I,9|I/K",4,0.5555555555555556,HLA-A*68:01,YYAMYRNNVAQTDVDTLYIMYRDYTWAVWAYTWY,1,1.0
VWKKAEAFI,ETAKAEAQI,"1|V/E,2|W/T,3|K/A,8|F/Q",4,0.5555555555555556,HLA-A*68:01,YYAMYRNNVAQTDVDTLYIMYRDYTWAVWAYTWY,0,0.0
VWKKAEAFI,ETSKAEALI,"1|V/E,2|W/T,3|K/S,8|F/L",4,0.5555555555555556,HLA-A*68:01,YYAMYRNNVAQTDVDTLYIMYRDYTWAVWAYTWY,0,0.0002
VWKKAEAFI,SVAKAEAFK,"1|V/S,2|W/V,3|K/A,9|I/K",4,0.6666666666666666,HLA-A*68:01,YYAMYRNNVAQTDVDTLYIMYRDYTWAVWAYTWY,1,1.0
VWKKAEAFI,EVIKAEALI,"1|V/E,2|W/V,3|K/I,8|F/L",4,0.6666666666666666,HLA-A*68:01,YYAMYRNNVAQTDVDTLYIMYRDYTWAVWAYTWY,0,0.0001
VWKKAEAFI,EAAKAEAKI,"1|V/E,2|W/A,3|K/A,8|F/K",4,0.5555555555555556,HLA-A*68:01,YYAMYRNNVAQTDVDTLYIMYRDYTWAVWAYTWY,0,0.0
VWKKAEAFI,DAKKAEIFR,"1|V/D,2|W/A,7|A/I,9|I/R",4,0.5555555555555556,HLA-A*68:01,YYAMYRNNVAQTDVDTLYIMYRDYTWAVWAYTWY,1,1.0
VWKKAEAFI,STIKAEALI,"1|V/S,2|W/T,3|K/I,8|F/L",4,0.5555555555555556,HLA-A*68:01,YYAMYRNNVAQTDVDTLYIMYRDYTWAVWAYTWY,0,0.0
VWKKAEAFI,SVAKAEALI,"1|V/S,2|W/V,3|K/A,8|F/L",4,0.6666666666666666,HLA-A*68:01,YYAMYRNNVAQTDVDTLYIMYRDYTWAVWAYTWY,0,0.0
VWKKAEAFI,SAAKAEAFK,"1|V/S,2|W/A,3|K/A,9|I/K",4,0.5555555555555556,HLA-A*68:01,YYAMYRNNVAQTDVDTLYIMYRDYTWAVWAYTWY,1,0.9912
VWKKAEAFI,SVSKAEALI,"1|V/S,2|W/V,3|K/S,8|F/L",4,0.6666666666666666,HLA-A*68:01,YYAMYRNNVAQTDVDTLYIMYRDYTWAVWAYTWY,0,0.0
VWKKAEAFI,EVIKAEAQI,"1|V/E,2|W/V,3|K/I,8|F/Q",4,0.6666666666666666,HLA-A*68:01,YYAMYRNNVAQTDVDTLYIMYRDYTWAVWAYTWY,0,0.0001
VWKKAEAFI,DAAKAEAKI,"1|V/D,2|W/A,3|K/A,8|F/K",4,0.5555555555555556,HLA-A*68:01,YYAMYRNNVAQTDVDTLYIMYRDYTWAVWAYTWY,0,0.0
VWKKAEAFI,DTSKAEAQI,"1|V/D,2|W/T,3|K/S,8|F/Q",4,0.5555555555555556,HLA-A*68:01,YYAMYRNNVAQTDVDTLYIMYRDYTWAVWAYTWY,0,0.0039
VWKKAEAFI,EAKKAEVFR,"1|V/E,2|W/A,7|A/V,9|I/R",4,0.5555555555555556,HLA-A*68:01,YYAMYRNNVAQTDVDTLYIMYRDYTWAVWAYTWY,1,1.0
VWKKAEAFI,STKKAEVFR,"1|V/S,2|W/T,7|A/V,9|I/R",4,0.5555555555555556,HLA-A*68:01,YYAMYRNNVAQTDVDTLYIMYRDYTWAVWAYTWY,1,1.0
VWKKAEAFI,DVSKAEAFK,"1|V/D,2|W/V,3|K/S,9|I/K",4,0.6666666666666666,HLA-A*68:01,YYAMYRNNVAQTDVDTLYIMYRDYTWAVWAYTWY,1,1.0
VWKKAEAFI,DTIKAEAQI,"1|V/D,2|W/T,3|K/I,8|F/Q",4,0.5555555555555556,HLA-A*68:01,YYAMYRNNVAQTDVDTLYIMYRDYTWAVWAYTWY,0,0.0101
VWKKAEAFI,STIKAEAFR,"1|V/S,2|W/T,3|K/I,9|I/R",4,0.5555555555555556,HLA-A*68:01,YYAMYRNNVAQTDVDTLYIMYRDYTWAVWAYTWY,1,1.0
VWKKAEAFI,STKKAEVFK,"1|V/S,2|W/T,7|A/V,9|I/K",4,0.5555555555555556,HLA-A*68:01,YYAMYRNNVAQTDVDTLYIMYRDYTWAVWAYTWY,1,1.0
VWKKAEAFI,STKKAEIFK,"1|V/S,2|W/T,7|A/I,9|I/K",4,0.5555555555555556,HLA-A*68:01,YYAMYRNNVAQTDVDTLYIMYRDYTWAVWAYTWY,1,1.0
VWKKAEAFI,ETSKAEAFR,"1|V/E,2|W/T,3|K/S,9|I/R",4,0.5555555555555556,HLA-A*68:01,YYAMYRNNVAQTDVDTLYIMYRDYTWAVWAYTWY,1,1.0
VWKKAEAFI,DVKKAEIFK,"1|V/D,2|W/V,7|A/I,9|I/K",4,0.6666666666666666,HLA-A*68:01,YYAMYRNNVAQTDVDTLYIMYRDYTWAVWAYTWY,1,1.0
VWKKAEAFI,EVSKAEAKI,"1|V/E,2|W/V,3|K/S,8|F/K",4,0.6666666666666666,HLA-A*68:01,YYAMYRNNVAQTDVDTLYIMYRDYTWAVWAYTWY,0,0.0005
VWKKAEAFI,DAIKAEALI,"1|V/D,2|W/A,3|K/I,8|F/L",4,0.5555555555555556,HLA-A*68:01,YYAMYRNNVAQTDVDTLYIMYRDYTWAVWAYTWY,0,0.0
VWKKAEAFI,DTSKAEALI,"1|V/D,2|W/T,3|K/S,8|F/L",4,0.5555555555555556,HLA-A*68:01,YYAMYRNNVAQTDVDTLYIMYRDYTWAVWAYTWY,0,0.0006
VWKKAEAFI,ETAKAEALI,"1|V/E,2|W/T,3|K/A,8|F/L",4,0.5555555555555556,HLA-A*68:01,YYAMYRNNVAQTDVDTLYIMYRDYTWAVWAYTWY,0,0.0001
VWKKAEAFI,ETAKAEAKI,"1|V/E,2|W/T,3|K/A,8|F/K",4,0.5555555555555556,HLA-A*68:01,YYAMYRNNVAQTDVDTLYIMYRDYTWAVWAYTWY,0,0.0002
VWKKAEAFI,EAKKAEVFK,"1|V/E,2|W/A,7|A/V,9|I/K",4,0.5555555555555556,HLA-A*68:01,YYAMYRNNVAQTDVDTLYIMYRDYTWAVWAYTWY,1,0.9999
VWKKAEAFI,SVKKAEIFR,"1|V/S,2|W/V,7|A/I,9|I/R",4,0.6666666666666666,HLA-A*68:01,YYAMYRNNVAQTDVDTLYIMYRDYTWAVWAYTWY,1,1.0
VWKKAEAFI,DAAKAEAQI,"1|V/D,2|W/A,3|K/A,8|F/Q",4,0.5555555555555556,HLA-A*68:01,YYAMYRNNVAQTDVDTLYIMYRDYTWAVWAYTWY,0,0.0001
VWKKAEAFI,STAKAEALI,"1|V/S,2|W/T,3|K/A,8|F/L",4,0.5555555555555556,HLA-A*68:01,YYAMYRNNVAQTDVDTLYIMYRDYTWAVWAYTWY,0,0.0
VWKKAEAFI,STSKAEAQI,"1|V/S,2|W/T,3|K/S,8|F/Q",4,0.5555555555555556,HLA-A*68:01,YYAMYRNNVAQTDVDTLYIMYRDYTWAVWAYTWY,0,0.0
VWKKAEAFI,SVIKAEAFR,"1|V/S,2|W/V,3|K/I,9|I/R",4,0.6666666666666666,HLA-A*68:01,YYAMYRNNVAQTDVDTLYIMYRDYTWAVWAYTWY,1,1.0
VWKKAEAFI,SAAKAEALI,"1|V/S,2|W/A,3|K/A,8|F/L",4,0.5555555555555556,HLA-A*68:01,YYAMYRNNVAQTDVDTLYIMYRDYTWAVWAYTWY,0,0.0
VWKKAEAFI,DTIKAEAFK,"1|V/D,2|W/T,3|K/I,9|I/K",4,0.5555555555555556,HLA-A*68:01,YYAMYRNNVAQTDVDTLYIMYRDYTWAVWAYTWY,1,1.0
VWKKAEAFI,EVIKAEAFK,"1|V/E,2|W/V,3|K/I,9|I/K",4,0.6666666666666666,HLA-A*68:01,YYAMYRNNVAQTDVDTLYIMYRDYTWAVWAYTWY,1,1.0
VWKKAEAFI,DTKKAEVFK,"1|V/D,2|W/T,7|A/V,9|I/K",4,0.5555555555555556,HLA-A*68:01,YYAMYRNNVAQTDVDTLYIMYRDYTWAVWAYTWY,1,1.0
VWKKAEAFI,DASKAEAKI,"1|V/D,2|W/A,3|K/S,8|F/K",4,0.5555555555555556,HLA-A*68:01,YYAMYRNNVAQTDVDTLYIMYRDYTWAVWAYTWY,0,0.0
VWKKAEAFI,DVIKAEALI,"1|V/D,2|W/V,3|K/I,8|F/L",4,0.6666666666666666,HLA-A*68:01,YYAMYRNNVAQTDVDTLYIMYRDYTWAVWAYTWY,0,0.0001
VWKKAEAFI,DAKKAEVFR,"1|V/D,2|W/A,7|A/V,9|I/R",4,0.5555555555555556,HLA-A*68:01,YYAMYRNNVAQTDVDTLYIMYRDYTWAVWAYTWY,1,1.0
VWKKAEAFI,EAAKAEALI,"1|V/E,2|W/A,3|K/A,8|F/L",4,0.5555555555555556,HLA-A*68:01,YYAMYRNNVAQTDVDTLYIMYRDYTWAVWAYTWY,0,0.0
VWKKAEAFI,DVIKAEAQI,"1|V/D,2|W/V,3|K/I,8|F/Q",4,0.6666666666666666,HLA-A*68:01,YYAMYRNNVAQTDVDTLYIMYRDYTWAVWAYTWY,0,0.0001
VWKKAEAFI,DASKAEAQI,"1|V/D,2|W/A,3|K/S,8|F/Q",4,0.5555555555555556,HLA-A*68:01,YYAMYRNNVAQTDVDTLYIMYRDYTWAVWAYTWY,0,0.0
VWKKAEAFI,STIKAEAQI,"1|V/S,2|W/T,3|K/I,8|F/Q",4,0.5555555555555556,HLA-A*68:01,YYAMYRNNVAQTDVDTLYIMYRDYTWAVWAYTWY,0,0.0
VWKKAEAFI,EVIKAEAKI,"1|V/E,2|W/V,3|K/I,8|F/K",4,0.6666666666666666,HLA-A*68:01,YYAMYRNNVAQTDVDTLYIMYRDYTWAVWAYTWY,0,0.002
VWKKAEAFI,SVAKAEAFR,"1|V/S,2|W/V,3|K/A,9|I/R",4,0.6666666666666666,HLA-A*68:01,YYAMYRNNVAQTDVDTLYIMYRDYTWAVWAYTWY,1,1.0
VWKKAEAFI,SASKAEAKI,"1|V/S,2|W/A,3|K/S,8|F/K",4,0.5555555555555556,HLA-A*68:01,YYAMYRNNVAQTDVDTLYIMYRDYTWAVWAYTWY,0,0.0
VWKKAEAFI,DVKKAEIFR,"1|V/D,2|W/V,7|A/I,9|I/R",4,0.6666666666666666,HLA-A*68:01,YYAMYRNNVAQTDVDTLYIMYRDYTWAVWAYTWY,1,1.0
VWKKAEAFI,ETAKAEAFR,"1|V/E,2|W/T,3|K/A,9|I/R",4,0.5555555555555556,HLA-A*68:01,YYAMYRNNVAQTDVDTLYIMYRDYTWAVWAYTWY,1,1.0
VWKKAEAFI,EAIKAEAFK,"1|V/E,2|W/A,3|K/I,9|I/K",4,0.5555555555555556,HLA-A*68:01,YYAMYRNNVAQTDVDTLYIMYRDYTWAVWAYTWY,1,1.0
VWKKAEAFI,DTAKAEAFR,"1|V/D,2|W/T,3|K/A,9|I/R",4,0.5555555555555556,HLA-A*68:01,YYAMYRNNVAQTDVDTLYIMYRDYTWAVWAYTWY,1,1.0
VWKKAEAFI,EVSKAEAFR,"1|V/E,2|W/V,3|K/S,9|I/R",4,0.6666666666666666,HLA-A*68:01,YYAMYRNNVAQTDVDTLYIMYRDYTWAVWAYTWY,1,1.0
VWKKAEAFI,DVAKAEAFK,"1|V/D,2|W/V,3|K/A,9|I/K",4,0.6666666666666666,HLA-A*68:01,YYAMYRNNVAQTDVDTLYIMYRDYTWAVWAYTWY,1,1.0
VWKKAEAFI,SVIKAEAKI,"1|V/S,2|W/V,3|K/I,8|F/K",4,0.6666666666666666,HLA-A*68:01,YYAMYRNNVAQTDVDTLYIMYRDYTWAVWAYTWY,0,0.0
VWKKAEAFI,DTSKAEAFR,"1|V/D,2|W/T,3|K/S,9|I/R",4,0.5555555555555556,HLA-A*68:01,YYAMYRNNVAQTDVDTLYIMYRDYTWAVWAYTWY,1,1.0
VWKKAEAFI,EASKAEAFK,"1|V/E,2|W/A,3|K/S,9|I/K",4,0.5555555555555556,HLA-A*68:01,YYAMYRNNVAQTDVDTLYIMYRDYTWAVWAYTWY,1,1.0
VWKKAEAFI,STAKAEAQI,"1|V/S,2|W/T,3|K/A,8|F/Q",4,0.5555555555555556,HLA-A*68:01,YYAMYRNNVAQTDVDTLYIMYRDYTWAVWAYTWY,0,0.0
VWKKAEAFI,DVAKAEAFR,"1|V/D,2|W/V,3|K/A,9|I/R",4,0.6666666666666666,HLA-A*68:01,YYAMYRNNVAQTDVDTLYIMYRDYTWAVWAYTWY,1,1.0
VWKKAEAFI,SVSKAEAFR,"1|V/S,2|W/V,3|K/S,9|I/R",4,0.6666666666666666,HLA-A*68:01,YYAMYRNNVAQTDVDTLYIMYRDYTWAVWAYTWY,1,1.0
VWKKAEAFI,ETKKAEVFR,"1|V/E,2|W/T,7|A/V,9|I/R",4,0.5555555555555556,HLA-A*68:01,YYAMYRNNVAQTDVDTLYIMYRDYTWAVWAYTWY,1,1.0
VWKKAEAFI,DASKAEALI,"1|V/D,2|W/A,3|K/S,8|F/L",4,0.5555555555555556,HLA-A*68:01,YYAMYRNNVAQTDVDTLYIMYRDYTWAVWAYTWY,0,0.0
VWKKAEAFI,EASKAEALI,"1|V/E,2|W/A,3|K/S,8|F/L",4,0.5555555555555556,HLA-A*68:01,YYAMYRNNVAQTDVDTLYIMYRDYTWAVWAYTWY,0,0.0
VWKKAEAFI,DAIKAEAKI,"1|V/D,2|W/A,3|K/I,8|F/K",4,0.5555555555555556,HLA-A*68:01,YYAMYRNNVAQTDVDTLYIMYRDYTWAVWAYTWY,0,0.0
VWKKAEAFI,STSKAEAFR,"1|V/S,2|W/T,3|K/S,9|I/R",4,0.5555555555555556,HLA-A*68:01,YYAMYRNNVAQTDVDTLYIMYRDYTWAVWAYTWY,1,1.0
VWKKAEAFI,DTKKAEVFR,"1|V/D,2|W/T,7|A/V,9|I/R",4,0.5555555555555556,HLA-A*68:01,YYAMYRNNVAQTDVDTLYIMYRDYTWAVWAYTWY,1,1.0
VWKKAEAFI,SAIKAEAQI,"1|V/S,2|W/A,3|K/I,8|F/Q",4,0.5555555555555556,HLA-A*68:01,YYAMYRNNVAQTDVDTLYIMYRDYTWAVWAYTWY,0,0.0
VWKKAEAFI,EAIKAEAQI,"1|V/E,2|W/A,3|K/I,8|F/Q",4,0.5555555555555556,HLA-A*68:01,YYAMYRNNVAQTDVDTLYIMYRDYTWAVWAYTWY,0,0.0
VWKKAEAFI,EAAKAEAQI,"1|V/E,2|W/A,3|K/A,8|F/Q",4,0.5555555555555556,HLA-A*68:01,YYAMYRNNVAQTDVDTLYIMYRDYTWAVWAYTWY,0,0.0
VWKKAEAFI,DAKKAEVFK,"1|V/D,2|W/A,7|A/V,9|I/K",4,0.5555555555555556,HLA-A*68:01,YYAMYRNNVAQTDVDTLYIMYRDYTWAVWAYTWY,1,1.0
VWKKAEAFI,STIKAEAFK,"1|V/S,2|W/T,3|K/I,9|I/K",4,0.5555555555555556,HLA-A*68:01,YYAMYRNNVAQTDVDTLYIMYRDYTWAVWAYTWY,1,1.0
VWKKAEAFI,DAKKAEIFK,"1|V/D,2|W/A,7|A/I,9|I/K",4,0.5555555555555556,HLA-A*68:01,YYAMYRNNVAQTDVDTLYIMYRDYTWAVWAYTWY,1,1.0
VWKKAEAFI,EAIKAEAFR,"1|V/E,2|W/A,3|K/I,9|I/R",4,0.5555555555555556,HLA-A*68:01,YYAMYRNNVAQTDVDTLYIMYRDYTWAVWAYTWY,1,1.0
VWKKAEAFI,EVAKAEAFR,"1|V/E,2|W/V,3|K/A,9|I/R",4,0.6666666666666666,HLA-A*68:01,YYAMYRNNVAQTDVDTLYIMYRDYTWAVWAYTWY,1,1.0
VWKKAEAFI,EASKAEAKI,"1|V/E,2|W/A,3|K/S,8|F/K",4,0.5555555555555556,HLA-A*68:01,YYAMYRNNVAQTDVDTLYIMYRDYTWAVWAYTWY,0,0.0
VWKKAEAFI,STKKAEIFR,"1|V/S,2|W/T,7|A/I,9|I/R",4,0.5555555555555556,HLA-A*68:01,YYAMYRNNVAQTDVDTLYIMYRDYTWAVWAYTWY,1,1.0
VWKKAEAFI,SVSKAEAFK,"1|V/S,2|W/V,3|K/S,9|I/K",4,0.6666666666666666,HLA-A*68:01,YYAMYRNNVAQTDVDTLYIMYRDYTWAVWAYTWY,1,1.0
VWKKAEAFI,STAKAEAFK,"1|V/S,2|W/T,3|K/A,9|I/K",4,0.5555555555555556,HLA-A*68:01,YYAMYRNNVAQTDVDTLYIMYRDYTWAVWAYTWY,1,1.0
VWKKAEAFI,STSKAEAFK,"1|V/S,2|W/T,3|K/S,9|I/K",4,0.5555555555555556,HLA-A*68:01,YYAMYRNNVAQTDVDTLYIMYRDYTWAVWAYTWY,1,0.9999
VWKKAEAFI,ETKKAEIFR,"1|V/E,2|W/T,7|A/I,9|I/R",4,0.5555555555555556,HLA-A*68:01,YYAMYRNNVAQTDVDTLYIMYRDYTWAVWAYTWY,1,1.0
VWKKAEAFI,SVAKAEAKI,"1|V/S,2|W/V,3|K/A,8|F/K",4,0.6666666666666666,HLA-A*68:01,YYAMYRNNVAQTDVDTLYIMYRDYTWAVWAYTWY,0,0.0
VWKKAEAFI,SAAKAEAQI,"1|V/S,2|W/A,3|K/A,8|F/Q",4,0.5555555555555556,HLA-A*68:01,YYAMYRNNVAQTDVDTLYIMYRDYTWAVWAYTWY,0,0.0
VWKKAEAFI,DTSKAEAKI,"1|V/D,2|W/T,3|K/S,8|F/K",4,0.5555555555555556,HLA-A*68:01,YYAMYRNNVAQTDVDTLYIMYRDYTWAVWAYTWY,0,0.0004
VWKKAEAFI,EASKAEAFR,"1|V/E,2|W/A,3|K/S,9|I/R",4,0.5555555555555556,HLA-A*68:01,YYAMYRNNVAQTDVDTLYIMYRDYTWAVWAYTWY,1,1.0
VWKKAEAFI,ETSKAEAKI,"1|V/E,2|W/T,3|K/S,8|F/K",4,0.5555555555555556,HLA-A*68:01,YYAMYRNNVAQTDVDTLYIMYRDYTWAVWAYTWY,0,0.0004
VWKKAEAFI,ETAKAEAFK,"1|V/E,2|W/T,3|K/A,9|I/K",4,0.5555555555555556,HLA-A*68:01,YYAMYRNNVAQTDVDTLYIMYRDYTWAVWAYTWY,1,1.0
VWKKAEAFI,EVAKAEAFK,"1|V/E,2|W/V,3|K/A,9|I/K",4,0.6666666666666666,HLA-A*68:01,YYAMYRNNVAQTDVDTLYIMYRDYTWAVWAYTWY,1,1.0
VWKKAEAFI,DTAKAEALI,"1|V/D,2|W/T,3|K/A,8|F/L",4,0.5555555555555556,HLA-A*68:01,YYAMYRNNVAQTDVDTLYIMYRDYTWAVWAYTWY,0,0.0008
VWKKAEAFI,SAKKAEVFR,"1|V/S,2|W/A,7|A/V,9|I/R",4,0.5555555555555556,HLA-A*68:01,YYAMYRNNVAQTDVDTLYIMYRDYTWAVWAYTWY,1,1.0
VWKKAEAFI,DVIKAEAKI,"1|V/D,2|W/V,3|K/I,8|F/K",4,0.6666666666666666,HLA-A*68:01,YYAMYRNNVAQTDVDTLYIMYRDYTWAVWAYTWY,0,0.0
VWKKAEAFI,DVIKAEAFK,"1|V/D,2|W/V,3|K/I,9|I/K",4,0.6666666666666666,HLA-A*68:01,YYAMYRNNVAQTDVDTLYIMYRDYTWAVWAYTWY,1,1.0
VWKKAEAFI,EASKAEAQI,"1|V/E,2|W/A,3|K/S,8|F/Q",4,0.5555555555555556,HLA-A*68:01,YYAMYRNNVAQTDVDTLYIMYRDYTWAVWAYTWY,0,0.0
VWKKAEAFI,DTKKAEIFK,"1|V/D,2|W/T,7|A/I,9|I/K",4,0.5555555555555556,HLA-A*68:01,YYAMYRNNVAQTDVDTLYIMYRDYTWAVWAYTWY,1,1.0
VWKKAEAFI,SASKAEAFK,"1|V/S,2|W/A,3|K/S,9|I/K",4,0.5555555555555556,HLA-A*68:01,YYAMYRNNVAQTDVDTLYIMYRDYTWAVWAYTWY,1,0.9875
VWKKAEAFI,DAAKAEAFR,"1|V/D,2|W/A,3|K/A,9|I/R",4,0.5555555555555556,HLA-A*68:01,YYAMYRNNVAQTDVDTLYIMYRDYTWAVWAYTWY,1,1.0
VWKKAEAFI,ETIKAEAFR,"1|V/E,2|W/T,3|K/I,9|I/R",4,0.5555555555555556,HLA-A*68:01,YYAMYRNNVAQTDVDTLYIMYRDYTWAVWAYTWY,1,1.0
VWKKAEAFI,SVKKAEVFR,"1|V/S,2|W/V,7|A/V,9|I/R",4,0.6666666666666666,HLA-A*68:01,YYAMYRNNVAQTDVDTLYIMYRDYTWAVWAYTWY,1,1.0
VWKKAEAFI,DTIKAEAKI,"1|V/D,2|W/T,3|K/I,8|F/K",4,0.5555555555555556,HLA-A*68:01,YYAMYRNNVAQTDVDTLYIMYRDYTWAVWAYTWY,0,0.0009
VWKKAEAFI,EVSKAEAQI,"1|V/E,2|W/V,3|K/S,8|F/Q",4,0.6666666666666666,HLA-A*68:01,YYAMYRNNVAQTDVDTLYIMYRDYTWAVWAYTWY,0,0.0
VWKKAEAFI,SVKKAEIFK,"1|V/S,2|W/V,7|A/I,9|I/K",4,0.6666666666666666,HLA-A*68:01,YYAMYRNNVAQTDVDTLYIMYRDYTWAVWAYTWY,1,1.0
VWKKAEAFI,SAKKAEVFK,"1|V/S,2|W/A,7|A/V,9|I/K",4,0.5555555555555556,HLA-A*68:01,YYAMYRNNVAQTDVDTLYIMYRDYTWAVWAYTWY,1,0.9995
VWKKAEAFI,STIKAEAKI,"1|V/S,2|W/T,3|K/I,8|F/K",4,0.5555555555555556,HLA-A*68:01,YYAMYRNNVAQTDVDTLYIMYRDYTWAVWAYTWY,0,0.0
VWKKAEAFI,EAAKAEAFR,"1|V/E,2|W/A,3|K/A,9|I/R",4,0.5555555555555556,HLA-A*68:01,YYAMYRNNVAQTDVDTLYIMYRDYTWAVWAYTWY,1,1.0
VWKKAEAFI,DVAKAEAKI,"1|V/D,2|W/V,3|K/A,8|F/K",4,0.6666666666666666,HLA-A*68:01,YYAMYRNNVAQTDVDTLYIMYRDYTWAVWAYTWY,0,0.0
VWKKAEAFI,SAKKAEIFK,"1|V/S,2|W/A,7|A/I,9|I/K",4,0.5555555555555556,HLA-A*68:01,YYAMYRNNVAQTDVDTLYIMYRDYTWAVWAYTWY,1,0.9994
VWKKAEAFI,SVIKAEAFK,"1|V/S,2|W/V,3|K/I,9|I/K",4,0.6666666666666666,HLA-A*68:01,YYAMYRNNVAQTDVDTLYIMYRDYTWAVWAYTWY,1,1.0
VWKKAEAFI,SAIKAEAFK,"1|V/S,2|W/A,3|K/I,9|I/K",4,0.5555555555555556,HLA-A*68:01,YYAMYRNNVAQTDVDTLYIMYRDYTWAVWAYTWY,1,0.996
VWKKAEAFI,DASKAEAFK,"1|V/D,2|W/A,3|K/S,9|I/K",4,0.5555555555555556,HLA-A*68:01,YYAMYRNNVAQTDVDTLYIMYRDYTWAVWAYTWY,1,1.0
VWKKAEAFI,EVKKAEIFK,"1|V/E,2|W/V,7|A/I,9|I/K",4,0.6666666666666666,HLA-A*68:01,YYAMYRNNVAQTDVDTLYIMYRDYTWAVWAYTWY,1,1.0
VWKKAEAFI,SAAKAEAFR,"1|V/S,2|W/A,3|K/A,9|I/R",4,0.5555555555555556,HLA-A*68:01,YYAMYRNNVAQTDVDTLYIMYRDYTWAVWAYTWY,1,0.9993
VWKKAEAFI,SVSKAEAKI,"1|V/S,2|W/V,3|K/S,8|F/K",4,0.6666666666666666,HLA-A*68:01,YYAMYRNNVAQTDVDTLYIMYRDYTWAVWAYTWY,0,0.0
VWKKAEAFI,ETSKAEAQI,"1|V/E,2|W/T,3|K/S,8|F/Q",4,0.5555555555555556,HLA-A*68:01,YYAMYRNNVAQTDVDTLYIMYRDYTWAVWAYTWY,0,0.0
VWKKAEAFI,STAKAEAKI,"1|V/S,2|W/T,3|K/A,8|F/K",4,0.5555555555555556,HLA-A*68:01,YYAMYRNNVAQTDVDTLYIMYRDYTWAVWAYTWY,0,0.0
VWKKAEAFI,STAKAEAFR,"1|V/S,2|W/T,3|K/A,9|I/R",4,0.5555555555555556,HLA-A*68:01,YYAMYRNNVAQTDVDTLYIMYRDYTWAVWAYTWY,1,1.0
VWKKAEAFI,SAIKAEAKI,"1|V/S,2|W/A,3|K/I,8|F/K",4,0.5555555555555556,HLA-A*68:01,YYAMYRNNVAQTDVDTLYIMYRDYTWAVWAYTWY,0,0.0
VWKKAEAFI,DTIKAEAFR,"1|V/D,2|W/T,3|K/I,9|I/R",4,0.5555555555555556,HLA-A*68:01,YYAMYRNNVAQTDVDTLYIMYRDYTWAVWAYTWY,1,1.0
VWKKAEAFI,EVAKAEALI,"1|V/E,2|W/V,3|K/A,8|F/L",4,0.6666666666666666,HLA-A*68:01,YYAMYRNNVAQTDVDTLYIMYRDYTWAVWAYTWY,0,0.0001
VWKKAEAFI,SVIKAEALI,"1|V/S,2|W/V,3|K/I,8|F/L",4,0.6666666666666666,HLA-A*68:01,YYAMYRNNVAQTDVDTLYIMYRDYTWAVWAYTWY,0,0.0
VWKKAEAFI,DAAKAEAFK,"1|V/D,2|W/A,3|K/A,9|I/K",4,0.5555555555555556,HLA-A*68:01,YYAMYRNNVAQTDVDTLYIMYRDYTWAVWAYTWY,1,1.0
VWKKAEAFI,ETKKAEVFK,"1|V/E,2|W/T,7|A/V,9|I/K",4,0.5555555555555556,HLA-A*68:01,YYAMYRNNVAQTDVDTLYIMYRDYTWAVWAYTWY,1,1.0
VWKKAEAFI,DTAKAEAFK,"1|V/D,2|W/T,3|K/A,9|I/K",4,0.5555555555555556,HLA-A*68:01,YYAMYRNNVAQTDVDTLYIMYRDYTWAVWAYTWY,1,1.0
VWKKAEAFI,DTKKAEIFR,"1|V/D,2|W/T,7|A/I,9|I/R",4,0.5555555555555556,HLA-A*68:01,YYAMYRNNVAQTDVDTLYIMYRDYTWAVWAYTWY,1,1.0
VWKKAEAFI,EVKKAEVFR,"1|V/E,2|W/V,7|A/V,9|I/R",4,0.6666666666666666,HLA-A*68:01,YYAMYRNNVAQTDVDTLYIMYRDYTWAVWAYTWY,1,1.0
VWKKAEAFI,ETIKAEAQI,"1|V/E,2|W/T,3|K/I,8|F/Q",4,0.5555555555555556,HLA-A*68:01,YYAMYRNNVAQTDVDTLYIMYRDYTWAVWAYTWY,0,0.0002
VWKKAEAFI,EAKKAEIFR,"1|V/E,2|W/A,7|A/I,9|I/R",4,0.5555555555555556,HLA-A*68:01,YYAMYRNNVAQTDVDTLYIMYRDYTWAVWAYTWY,1,1.0
VWKKAEAFI,DVSKAEAKI,"1|V/D,2|W/V,3|K/S,8|F/K",4,0.6666666666666666,HLA-A*68:01,YYAMYRNNVAQTDVDTLYIMYRDYTWAVWAYTWY,0,0.0
VWKKAEAFI,DAIKAEAQI,"1|V/D,2|W/A,3|K/I,8|F/Q",4,0.5555555555555556,HLA-A*68:01,YYAMYRNNVAQTDVDTLYIMYRDYTWAVWAYTWY,0,0.0
VWKKAEAFI,EVIKAEAFR,"1|V/E,2|W/V,3|K/I,9|I/R",4,0.6666666666666666,HLA-A*68:01,YYAMYRNNVAQTDVDTLYIMYRDYTWAVWAYTWY,1,1.0
VWKKAEAFI,EAIKAEALI,"1|V/E,2|W/A,3|K/I,8|F/L",4,0.5555555555555556,HLA-A*68:01,YYAMYRNNVAQTDVDTLYIMYRDYTWAVWAYTWY,0,0.0
VWKKAEAFI,ETIKAEAFK,"1|V/E,2|W/T,3|K/I,9|I/K",4,0.5555555555555556,HLA-A*68:01,YYAMYRNNVAQTDVDTLYIMYRDYTWAVWAYTWY,1,1.0
VWKKAEAFI,SVKKAEVFK,"1|V/S,2|W/V,7|A/V,9|I/K",4,0.6666666666666666,HLA-A*68:01,YYAMYRNNVAQTDVDTLYIMYRDYTWAVWAYTWY,1,1.0
VWKKAEAFI,SVIKAEAQI,"1|V/S,2|W/V,3|K/I,8|F/Q",4,0.6666666666666666,HLA-A*68:01,YYAMYRNNVAQTDVDTLYIMYRDYTWAVWAYTWY,0,0.0
VWKKAEAFI,DAIKAEAFR,"1|V/D,2|W/A,3|K/I,9|I/R",4,0.5555555555555556,HLA-A*68:01,YYAMYRNNVAQTDVDTLYIMYRDYTWAVWAYTWY,1,1.0
VWKKAEAFI,SVSKAEAQI,"1|V/S,2|W/V,3|K/S,8|F/Q",4,0.6666666666666666,HLA-A*68:01,YYAMYRNNVAQTDVDTLYIMYRDYTWAVWAYTWY,0,0.0
VWKKAEAFI,DASKAEAFR,"1|V/D,2|W/A,3|K/S,9|I/R",4,0.5555555555555556,HLA-A*68:01,YYAMYRNNVAQTDVDTLYIMYRDYTWAVWAYTWY,1,1.0
VWKKAEAFI,EVAKAEAKI,"1|V/E,2|W/V,3|K/A,8|F/K",4,0.6666666666666666,HLA-A*68:01,YYAMYRNNVAQTDVDTLYIMYRDYTWAVWAYTWY,0,0.0003
VWKKAEAFI,ETIKAEAKI,"1|V/E,2|W/T,3|K/I,8|F/K",4,0.5555555555555556,HLA-A*68:01,YYAMYRNNVAQTDVDTLYIMYRDYTWAVWAYTWY,0,0.004
VWKKAEAFI,STSKAEAKI,"1|V/S,2|W/T,3|K/S,8|F/K",4,0.5555555555555556,HLA-A*68:01,YYAMYRNNVAQTDVDTLYIMYRDYTWAVWAYTWY,0,0.0
VWKKAEAFI,DTIKAEALI,"1|V/D,2|W/T,3|K/I,8|F/L",4,0.5555555555555556,HLA-A*68:01,YYAMYRNNVAQTDVDTLYIMYRDYTWAVWAYTWY,0,0.0013
VWKKAEAFI,SASKAEAQI,"1|V/S,2|W/A,3|K/S,8|F/Q",4,0.5555555555555556,HLA-A*68:01,YYAMYRNNVAQTDVDTLYIMYRDYTWAVWAYTWY,0,0.0
VWKKAEAFI,EVKKAEIFR,"1|V/E,2|W/V,7|A/I,9|I/R",4,0.6666666666666666,HLA-A*68:01,YYAMYRNNVAQTDVDTLYIMYRDYTWAVWAYTWY,1,1.0
